data/release/coverages/arc_sample/precip30min.asc
ncols         720
nrows         360
xllcorner     -180
yllcorner     -90
cellsize      0.5
NODATA_value  -9999
[rows 273 to 311 of 360, columns 0 to 86 of 720]
1366 1377 1260 1341 1292 1311 1329 1341 1345 1352 1353 1349 1338 1327 1314 1297 1281 1269 1255 1238 1225 1209 1189 1174 1159 1141 1123 1102 1086 1072 1061 1055 1055 1053 1052 1050 1050 1048 1048 1047 1049 1051 1053 1052 1052 1052 1051 1051 1045 1044 1044 1044 1046 1047 1048 1050 1050 1049 1051 1047 1046 1044 1041 1039 1037 1040 1043 1045 1046 1047 1045 1047 1047 1050 1054 1062 1065 1069 1068 1066 1064 1066 1069 1071 1079 1083 1088
1247 1324 1332 1277 1280 1300 1308 1324 1339 1338 1339 1332 1331 1312 1296 1291 1269 1260 1246 1231 1221 1202 1185 1171 1153 1140 1123 1108 1093 1077 1065 1061 1057 1058 1061 1055 1054 1051 1053 1051 1052 1053 1057 1056 1056 1054 1051 1051 1049 1044 1045 1046 1046 1048 1048 1049 1053 1050 1051 1051 1051 1050 1047 1045 1043 1042 1044 1052 1055 1057 1058 1057 1056 1052 1054 1061 1063 1069 1070 1070 1070 1070 1068 1069 1076 1080 1084
1201 1286 1223 1233 1247 1258 1269 1277 1281 1287 1293 1285 1277 1272 1260 1250 1237 1226 1212 1204 1190 1181 1171 1157 1143 1133 1119 1108 1098 1086 1078 1075 1073 1072 1072 1070 1070 1069 1069 1067 1070 1070 1073 1068 1065 1064 1059 1052 1050 1044 1044 1045 1049 1047 1048 1049 1052 1056 1059 1060 1061 1060 1060 1060 1060 1074 1067 1068 1067 1067 1067 1067 1067 1067 1069 1072 1075 1075 1073 1072 1072 1073 1073 1075 1078 1080 1080
1178 1258 1254 1208 1213 1218 1232 1230 1227 1239 1245 1238 1226 1226 1225 1212 1204 1191 1180 1173 1165 1160 1157 1147 1137 1126 1121 1112 1101 1094 1088 1086 1088 1084 1080 1086 1083 1084 1085 1086 1087 1087 1084 1081 1075 1071 1071 1068 1066 1064 1064 1062 1064 1061 1059 1052 1060 1064 1066 1067 1067 1068 1070 1072 1075 1085 1081 1077 1076 1073 1071 1072 1074 1075 1078 1078 1077 1077 1076 1076 1075 1076 1077 1079 1078 1079 1080
1201 1246 1184 1231 1197 1206 1215 1221 1225 1229 1235 1229 1223 1218 1211 1199 1188 1181 1173 1166 1161 1157 1153 1145 1137 1127 1117 1108 1102 1096 1089 1090 1088 1087 1088 1089 1087 1088 1088 1091 1090 1089 1089 1089 1086 1087 1086 1081 1078 1078 1074 1072 1072 1073 1077 1076 1073 1073 1074 1073 1073 1078 1079 1079 1083 1087 1086 1084 1081 1082 1081 1080 1082 1081 1081 1082 1080 1079 1081 1080 1080 1079 1079 1079 1080 1080 1082
1199 1225 1209 1188 1197 1207 1211 1219 1218 1221 1221 1221 1220 1214 1210 1199 1187 1176 1168 1163 1159 1155 1152 1145 1137 1127 1115 1107 1100 1097 1093 1089 1088 1089 1089 1089 1087 1089 1091 1090 1091 1093 1092 1092 1090 1090 1090 1091 1091 1088 1085 1081 1081 1084 1087 1085 1081 1078 1079 1080 1081 1085 1086 1086 1087 1088 1086 1087 1086 1085 1084 1083 1082 1082 1084 1083 1083 1082 1082 1081 1081 1080 1080 1081 1080 1078 1080
1180 1203 1176 1181 1190 1199 1203 1206 1209 1213 1210 1213 1212 1212 1210 1195 1183 1174 1164 1158 1153 1153 1150 1146 1138 1126 1110 1104 1099 1096 1093 1092 1092 1090 1089 1089 1089 1091 1096 1096 1099 1099 1096 1096 1096 1094 1091 1091 1091 1092 1092 1091 1092 1090 1089 1089 1088 1087 1087 1090 1089 1089 1088 1087 1088 1088 1089 1089 1089 1088 1088 1088 1087 1085 1083 1085 1083 1083 1081 1080 1080 1080 1079 1081 1081 1082 1080
1214 1229 1213 1178 1183 1189 1195 1199 1200 1203 1204 1206 1209 1209 1211 1189 1180 1163 1159 1153 1153 1153 1150 1147 1137 1127 1103 1100 1095 1093 1093 1093 1092 1093 1092 1095 1094 1096 1097 1099 1099 1099 1099 1096 1095 1094 1094 1091 1093 1092 1092 1091 1092 1091 1091 1089 1090 1090 1087 1090 1089 1087 1087 1087 1088 1086 1087 1087 1086 1084 1087 1086 1085 1085 1083 1083 1083 1081 1080 1079 1079 1079 1079 1079 1076 1079 1080
1221 1249 1220 1239 1213 1186 1190 1194 1197 1200 1200 1205 1204 1207 1199 1185 1175 1159 1153 1151 1147 1151 1151 1148 1135 1125 1110 1100 1095 1093 1091 1091 1095 1093 1093 1094 1096 1098 1099 1102 1103 1106 1101 1100 1095 1095 1094 1093 1091 1089 1086 1088 1087 1088 1087 1086 1085 1086 1085 1084 1083 1082 1084 1085 1082 1082 1082 1083 1087 1084 1083 1083 1081 1080 1081 1079 1079 1079 1079 1077 1074 1077 1076 1076 1074 1075 1076
1193 1277 1313 1304 1268 1187 1190 1192 1195 1193 1199 1197 1204 1207 1194 1185 1172 1140 1137 1138 1139 1138 1140 1151 1133 1124 1112 1089 1091 1091 1091 1091 1091 1094 1093 1095 1097 1106 1096 1094 1095 1095 1095 1094 1094 1095 1092 1087 1085 1083 1084 1083 1083 1082 1080 1082 1082 1080 1079 1079 1079 1078 1082 1081 1079 1081 1080 1078 1079 1079 1079 1080 1079 1078 1078 1076 1075 1074 1074 1072 1072 1072 1074 1073 1073 1074 1073
1165 1258 1305 1281 1242 1202 1183 1181 1180 1178 1179 1177 1179 1177 1171 1151 1140 1129 1129 1129 1131 1129 1129 1126 1118 1108 1097 1087 1086 1088 1087 1088 1086 1086 1086 1087 1088 1088 1090 1092 1092 1093 1090 1088 1086 1085 1081 1083 1081 1080 1081 1081 1081 1080 1078 1078 1079 1077 1075 1075 1075 1075 1073 1075 1073 1076 1076 1075 1076 1077 1078 1075 1075 1077 1075 1074 1074 1072 1070 1071 1072 1070 1070 1070 1070 1071 1069
1140 1160 1182 1194 1173 1172 1169 1170 1168 1168 1167 1166 1160 1153 1141 1131 1131 1127 1124 1123 1123 1119 1117 1112 1106 1100 1095 1091 1087 1086 1085 1082 1083 1082 1081 1084 1083 1084 1085 1087 1085 1084 1085 1082 1081 1081 1080 1079 1079 1078 1079 1078 1077 1075 1074 1074 1075 1073 1071 1070 1070 1071 1070 1070 1072 1074 1071 1074 1072 1074 1073 1072 1072 1072 1070 1071 1071 1069 1069 1068 1068 1068 1067 1065 1067 1067 1067
1141 1142 1151 1161 1159 1161 1161 1158 1158 1157 1155 1151 1145 1141 1132 1120 1123 1123 1117 1116 1116 1112 1107 1106 1103 1096 1093 1090 1088 1083 1083 1083 1081 1082 1082 1083 1083 1083 1084 1082 1084 1081 1080 1080 1079 1077 1078 1077 1076 1075 1075 1073 1070 1069 1070 1069 1070 1068 1067 1066 1067 1068 1066 1067 1067 1068 1067 1070 1069 1070 1069 1070 1068 1067 1069 1070 1066 1067 1067 1064 1064 1064 1062 1061 1064 1065 1062
1150 1141 1152 1151 1152 1152 1153 1152 1149 1145 1142 1137 1134 1129 1127 1120 1119 1117 1114 1113 1111 1108 1103 1098 1098 1094 1091 1089 1085 1084 1082 1080 1081 1079 1081 1080 1080 1079 1083 1079 1078 1080 1078 1077 1077 1077 1076 1073 1072 1071 1071 1070 1068 1069 1067 1067 1067 1064 1065 1064 1064 1063 1063 1063 1065 1064 1064 1065 1065 1067 1066 1066 1066 1065 1064 1068 1064 1063 1063 1064 1062 1062 1061 1061 1061 1061 1060
1150 1147 1148 1146 1145 1148 1146 1146 1142 1142 1138 1134 1130 1129 1123 1121 1121 1117 1112 1108 1105 1102 1099 1097 1094 1094 1091 1088 1086 1083 1080 1081 1081 1078 1079 1080 1080 1080 1077 1078 1079 1078 1076 1076 1075 1076 1074 1073 1073 1071 1070 1069 1068 1068 1066 1065 1064 1062 1062 1061 1060 1060 1060 1062 1062 1063 1064 1064 1066 1066 1066 1064 1065 1062 1063 1063 1064 1064 1062 1063 1061 1061 1060 1058 1058 1058 1059
1152 1149 1144 1144 1144 1142 1144 1144 1141 1141 1139 1137 1132 1128 1128 1127 1122 1115 1116 1111 1111 1105 1102 1098 1096 1094 1091 1087 1088 1082 1080 1082 1079 1081 1080 1079 1079 1077 1078 1078 1074 1074 1076 1074 1073 1071 1071 1071 1069 1067 1066 1064 1065 1064 1063 1061 1061 1059 1058 1057 1056 1056 1056 1060 1058 1055 1057 1060 1058 1054 1052 1055 1057 1059 1056 1052 1057 1059 1056 1054 1052 1053 1053 1056 1052 1047 1051
1177 1169 1161 1160 1161 1158 1156 1156 1150 1151 1149 1147 1139 1137 1135 1133 1129 1124 1118 1116 1114 1113 1107 1103 1101 1098 1093 1090 1085 1081 1081 1081 1079 1080 1077 1074 1076 1076 1074 1072 1071 1072 1073 1069 1067 1065 1065 1065 1065 1062 1061 1059 1061 1060 1055 1055 1052 1053 1053 1050 1050 1050 1051 1049 1045 1038 1039 1043 1044 1037 1036 1036 1043 1040 1036 1032 1035 1042 1045 1039 1039 1039 1042 1039 1032 1027 1030
1191 1182 1180 1177 1175 1174 1172 1169 1164 1161 1160 1156 1152 1148 1145 1144 1137 1135 1128 1122 1121 1121 1114 1107 1104 1103 1099 1093 1087 1082 1081 1083 1079 1077 1073 1072 1072 1069 1067 1064 1066 1066 1062 1062 1058 1056 1057 1056 1056 1051 1052 1051 1049 1048 1046 1045 1045 1041 1040 1039 1039 1039 1036 1031 1026 1022 1023 1020 1015 1011 1011 1010 1013 1011 1013 1009 1011 1015 1016 1017 1019 1016 1016 1012 1012 1007 1008
1197 1194 1192 1187 1186 1184 1180 1179 1177 1174 1170 1166 1160 1157 1153 1152 1144 1143 1139 1132 1129 1126 1119 1113 1109 1105 1101 1096 1092 1085 1080 1077 1076 1073 1071 1070 1069 1065 1065 1060 1059 1055 1056 1054 1051 1052 1049 1048 1049 1045 1044 1042 1040 1039 1039 1038 1035 1032 1032 1031 1030 1026 1020 1016 1013 1009 1005 1001 996 991 987 986 988 989 990 993 992 994 994 994 996 994 993 992 991 991 989
1208 1206 1206 1202 1197 1194 1193 1192 1190 1184 1180 1177 1173 1167 1162 1158 1154 1150 1146 1140 1138 1132 1127 1119 1113 1107 1105 1098 1092 1087 1082 1078 1074 1073 1069 1067 1065 1062 1059 1057 1051 1049 1048 1047 1045 1045 1043 1043 1038 1038 1036 1034 1031 1031 1030 1029 1025 1023 1019 1020 1015 1011 1006 1001 996 993 988 981 973 969 966 962 960 966 969 973 972 970 973 974 972 971 970 971 972 972 968
1214 1211 1211 1221 1213 1206 1209 1209 1203 1197 1191 1187 1184 1180 1172 1166 1165 1162 1156 1149 1142 1138 1133 1127 1119 1112 1108 1103 1095 1089 1084 1079 1074 1072 1065 1064 1061 1056 1051 1051 1047 1044 1040 1036 1036 1037 1033 1029 1030 1028 1030 1026 1023 1020 1019 1021 1017 1010 1011 1008 1005 998 989 979 977 973 965 951 948 948 947 941 936 932 941 948 942 940 949 953 955 951 947 939 944 948 942
1223 1209 1209 1216 1222 1220 1220 1213 1209 1205 1194 1192 1188 1183 1180 1174 1171 1166 1160 1153 1145 1142 1135 1127 1122 1116 1110 1103 1096 1090 1084 1079 1071 1067 1063 1060 1058 1053 1051 1048 1043 1040 1037 1033 1030 1030 1029 1026 1025 1023 1022 1022 1017 1014 1010 1011 1009 1007 1005 1002 999 991 983 971 964 957 947 941 937 934 931 926 923 920 922 926 929 931 937 942 943 941 935 931 927 927 921
1241 1208 1213 1214 1219 1220 1219 1219 1214 1209 1202 1194 1190 1186 1183 1177 1171 1168 1164 1160 1152 1143 1133 1128 1122 1118 1110 1106 1099 1090 1082 1077 1071 1068 1065 1060 1056 1053 1049 1044 1039 1035 1031 1033 1030 1029 1027 1023 1025 1022 1018 1017 1014 1009 1009 1010 1008 1005 1004 1001 999 986 977 970 963 954 946 939 933 924 910 911 912 916 919 921 925 929 931 934 936 933 928 927 926 922 919
1249 1230 1225 1225 1226 1226 1222 1218 1212 1208 1201 1194 1191 1185 1179 1175 1172 1166 1160 1153 1145 1141 1133 1128 1123 1115 1111 1103 1093 1086 1078 1073 1069 1066 1063 1057 1057 1051 1044 1040 1035 1031 1031 1032 1030 1026 1026 1022 1019 1015 1012 1011 1010 1010 1010 1005 1006 1004 998 993 987 982 974 967 960 951 947 935 926 916 908 908 910 912 918 915 922 923 922 918 914 915 921 921 922 915 918
1272 1257 1250 1245 1243 1240 1232 1217 1212 1209 1202 1196 1189 1184 1178 1172 1168 1164 1156 1147 1140 1136 1132 1124 1113 1103 1101 1095 1085 1077 1069 1065 1063 1059 1051 1044 1043 1044 1038 1028 1027 1023 1023 1023 1017 1009 1012 1015 1011 1006 1000 1000 1003 1002 996 990 993 996 991 982 976 972 968 963 946 932 930 925 916 902 896 896 898 901 891 882 891 903 898 892 886 891 898 902 884 870 880
1305 1302 1287 1274 1266 1259 1248 1236 1219 1206 1204 1198 1189 1180 1175 1169 1164 1157 1148 1140 1134 1129 1122 1108 1100 1092 1085 1078 1069 1058 1053 1049 1043 1037 1032 1027 1027 1022 1018 1012 1009 1008 1004 1000 996 992 992 991 990 987 984 982 980 978 973 969 969 967 969 966 960 957 944 929 919 909 904 894 884 872 869 865 863 855 848 845 845 843 845 842 843 841 836 830 822 817 819
1338 1326 1308 1294 1282 1271 1261 1251 1236 1219 1204 1196 1186 1179 1170 1165 1159 1153 1142 1133 1127 1117 1107 1096 1091 1084 1076 1068 1057 1046 1036 1033 1028 1024 1018 1015 1013 1008 1003 998 992 990 988 984 981 980 976 973 970 965 963 960 959 957 956 952 951 950 949 944 941 934 920 908 901 892 883 872 862 845 836 833 824 819 817 813 808 803 797 791 786 784 781 778 776 773 771
1335 1332 1341 1320 1300 1289 1276 1264 1249 1232 1217 1201 1187 1177 1168 1163 1156 1145 1134 1127 1117 1109 1101 1090 1080 1073 1062 1051 1039 1033 1028 1018 1011 1010 1005 1004 997 990 982 980 977 974 968 967 965 964 958 953 945 945 943 940 934 936 935 937 932 928 924 920 914 909 898 889 879 871 860 843 825 819 807 799 784 781 780 780 768 757 741 737 734 726 715 719 723 723 718
1331 1321 1321 1326 1328 1308 1300 1282 1262 1241 1225 1207 1190 1174 1163 1157 1146 1137 1130 1122 1111 1101 1089 1074 1063 1058 1044 1036 1028 1021 1015 1007 998 988 981 983 971 968 968 966 963 959 952 942 941 942 931 928 930 930 928 925 918 910 907 912 904 902 903 901 895 887 876 857 847 842 826 812 805 799 788 776 756 738 727 731 707 699 701 697 695 682 669 652 645 659 640
1341 1322 1311 1309 1311 1316 1304 1284 1265 1245 1223 1206 1192 1180 1168 1155 1146 1135 1127 1116 1106 1094 1083 1071 1061 1046 1040 1031 1022 1015 1006 998 992 982 979 971 968 966 964 959 956 950 945 939 934 928 927 923 922 920 917 913 909 906 904 901 898 895 894 891 885 874 863 850 840 827 816 807 797 787 774 759 744 731 718 706 697 689 681 674 667 658 648 638 633 628 624
1412 1340 1316 1307 1301 1297 1297 1294 1272 1251 1210 1196 1187 1179 1169 1158 1145 1136 1125 1116 1103 1088 1079 1069 1060 1047 1038 1030 1019 1010 995 992 986 980 977 972 967 964 959 954 949 944 942 937 933 928 926 922 918 915 910 906 905 904 901 899 897 892 892 888 886 870 857 848 837 827 816 807 794 785 768 750 739 727 716 707 693 685 672 662 645 640 637 633 631 626 624
1330 1313 1307 1308 1313 1316 1302 1283 1262 1239 1214 1200 1186 1176 1166 1154 1143 1132 1121 1109 1095 1087 1076 1069 1060 1047 1038 1028 1017 1006 998 990 986 980 977 971 967 963 956 952 949 946 940 937 932 928 926 922 917 913 909 908 904 903 901 900 897 893 890 884 876 871 858 848 839 827 817 807 796 784 770 758 743 729 716 706 693 686 677 667 658 650 642 638 631 627 624
1309 1300 1305 1315 1316 1285 1291 1276 1247 1223 1202 1186 1174 1165 1153 1136 1139 1128 1112 1097 1086 1078 1069 1063 1052 1037 1035 1025 1013 1001 994 986 980 977 973 967 966 962 956 951 945 942 939 936 933 926 923 920 916 913 908 907 905 901 900 898 897 895 889 885 877 869 859 849 839 833 821 810 798 787 776 763 747 732 719 717 701 689 683 675 668 658 650 640 635 640 629
1277 1277 1278 1250 1229 1212 1209 1206 1199 1180 1163 1147 1137 1120 1108 1099 1095 1091 1084 1074 1063 1054 1048 1032 1022 1013 1009 1004 996 986 980 974 970 963 960 955 953 950 949 945 942 937 933 928 924 920 917 915 911 907 904 902 901 898 896 893 892 892 888 885 878 873 863 855 846 840 830 821 809 801 789 778 764 757 749 741 732 718 700 692 684 677 672 671 671 670 664
1212 1210 1196 1184 1176 1166 1157 1146 1133 1118 1107 1103 1092 1085 1077 1072 1067 1058 1047 1037 1029 1025 1017 1009 1003 996 990 983 974 964 960 958 953 951 948 947 944 941 938 935 932 930 926 922 918 915 913 909 906 901 897 896 892 893 892 890 889 887 886 884 882 876 866 857 851 845 839 830 823 813 809 800 787 776 766 760 751 743 731 720 713 709 703 701 696 693 689
1094 1101 1103 1103 1107 1109 1091 1067 1060 1062 1060 1058 1050 1043 1043 1040 1028 1014 1004 1003 1000 997 988 984 980 977 967 955 948 946 947 944 939 938 938 937 932 929 926 927 923 921 919 914 913 908 905 898 896 893 894 891 891 888 887 888 884 883 882 880 878 878 875 869 859 851 845 840 832 827 823 820 816 807 792 779 773 768 760 751 746 742 743 737 727 719 720
1022 1018 1013 1014 1016 1018 1019 1026 1030 1032 1033 1026 1020 1011 999 992 988 986 984 984 981 975 966 959 951 948 944 940 939 938 935 934 930 928 924 922 921 921 921 919 918 915 913 908 904 900 898 896 894 892 889 888 885 884 884 881 881 880 879 877 876 874 871 868 865 861 857 851 846 839 835 830 825 823 818 810 800 789 781 774 767 765 759 761 759 756 752
990 981 976 981 987 994 1004 1012 1018 1019 1020 1014 1008 1001 997 991 986 981 977 975 972 965 958 952 949 944 941 938 934 933 930 928 926 923 923 921 920 920 918 919 917 915 912 909 906 900 896 893 891 889 889 886 885 883 882 881 881 880 879 879 877 874 870 867 864 862 859 855 851 845 840 833 830 824 819 811 804 799 792 783 774 772 768 767 763 757 754
997 975 971 973 977 979 988 996 1004 1011 1016 1010 1005 1001 996 992 986 982 976 971 964 960 957 951 947 944 942 938 933 930 926 926 926 924 923 921 920 919 917 917 917 913 910 907 906 900 897 895 892 889 885 885 885 884 882 880 881 879 879 878 878 873 870 867 865 862 858 856 853 849 845 835 829 823 816 811 807 801 794 788 778 774 770 767 763 757 754
