data/release/coverages/arc_sample/precip30min.asc
ncols         720
nrows         360
xllcorner     -180
yllcorner     -90
cellsize      0.5
NODATA_value  -9999
[rows 117 to 155 of 360, columns 435 to 521 of 720]
86 127 199 255 211 178 131 97 82 86 93 101 111 114 124 127 120 107 125 126 153 202 227 249 332 395 366 286 237 197 204 207 178 164 128 99 88 73 108 124 130 131 133 139 104 81 81 76 63 49 41 67 72 72 82 135 191 234 255 267 278 284 279 283 288 261 227 204 217 235 256 295 317 370 444 571 677 841 1104 1398 1783 2066 2323 1911 1253 426 332
63 106 141 195 244 171 133 101 88 96 100 108 112 109 111 108 102 99 105 115 152 193 215 226 271 322 340 318 270 250 262 269 270 221 110 90 61 81 122 141 151 149 150 148 120 58 55 50 43 34 27 29 63 69 77 130 190 221 240 255 276 297 280 292 297 258 202 187 193 199 224 258 277 339 410 461 585 771 931 1240 1580 2018 2061 1960 1703 1102 954
50 73 113 140 198 167 160 144 132 122 108 112 109 108 106 104 98 97 109 124 140 156 196 190 238 287 312 300 289 289 306 311 317 322 197 144 96 111 150 187 182 166 159 155 125 118 72 56 48 40 37 47 80 99 103 116 150 183 207 225 255 293 274 292 330 275 213 175 171 166 185 221 261 316 351 367 486 669 819 989 1263 1542 1596 1592 1517 1470 1322
55 63 74 123 171 217 186 172 163 161 153 138 109 108 112 127 137 148 120 117 123 129 144 145 162 240 281 280 272 288 317 320 321 303 250 173 124 142 189 209 193 174 165 145 123 107 89 74 54 45 42 56 75 87 99 108 122 141 177 182 173 161 192 233 310 279 241 172 161 161 176 207 244 285 325 351 423 564 661 744 964 1136 1245 1263 1399 1587 1545
79 84 86 103 177 197 219 199 194 188 176 164 154 150 166 182 191 205 167 138 115 109 102 112 139 201 250 272 261 254 250 262 286 268 233 186 149 168 249 225 193 177 155 140 121 106 86 71 46 49 43 52 72 83 96 107 126 159 186 156 130 101 105 135 190 239 261 232 193 176 190 212 240 273 320 364 412 470 567 682 817 954 1037 1166 1415 1723 1711
107 114 114 159 177 195 217 244 230 222 212 206 200 212 223 228 245 253 221 159 103 93 90 92 130 186 234 248 246 225 201 204 181 212 205 187 161 165 176 192 184 175 156 141 135 116 105 99 85 70 59 52 68 85 91 101 134 170 174 143 110 96 92 89 102 134 247 284 251 222 232 249 264 289 315 365 406 472 556 663 775 867 932 1016 1260 1536 1620
105 105 116 153 181 191 263 275 238 217 195 187 193 208 224 241 264 305 262 192 119 81 84 89 114 156 191 191 191 180 180 162 161 172 185 186 174 170 159 151 150 147 148 142 138 129 123 129 122 97 77 71 83 93 99 110 145 182 170 140 111 99 97 93 102 127 196 261 283 270 273 292 313 331 361 400 468 540 596 659 734 811 830 898 1042 1233 1307
76 78 72 139 159 185 224 221 239 204 178 174 182 197 217 236 248 257 246 204 159 89 90 94 100 103 127 133 129 146 151 153 158 175 181 178 167 147 136 145 141 142 138 140 135 129 129 133 134 132 111 99 101 109 114 133 162 178 171 150 128 112 111 116 116 131 177 229 253 256 276 305 343 369 389 451 536 607 664 684 725 776 780 822 948 1108 1165
55 54 54 105 152 173 189 184 182 170 161 164 170 187 213 232 239 246 229 205 163 96 99 106 104 104 99 102 98 105 129 166 173 172 176 179 170 152 143 144 135 124 127 128 128 124 127 134 145 156 166 150 137 120 114 161 183 207 203 180 152 137 135 134 132 143 186 231 251 267 296 337 372 407 452 513 585 668 700 706 738 777 781 792 927 1032 1068
36 34 40 45 139 148 166 163 153 149 146 144 144 173 220 218 216 214 202 177 140 107 113 112 112 106 96 93 92 95 104 154 168 183 211 240 218 168 164 147 133 125 125 128 121 118 117 136 158 172 174 164 150 139 139 173 209 238 226 198 174 158 157 159 170 185 223 265 284 302 334 376 404 435 515 593 683 766 788 794 817 846 835 850 931 972 959
35 38 44 47 79 122 143 147 135 129 128 126 126 167 202 198 197 193 180 163 125 118 127 131 114 103 92 89 90 95 106 137 187 250 264 423 270 168 177 158 147 129 127 125 122 115 112 126 145 161 157 165 146 145 151 181 209 218 207 199 184 174 176 198 206 216 252 292 316 335 371 407 421 463 555 665 766 841 911 903 900 915 921 953 1044 980 941
40 43 46 49 55 93 118 131 117 114 116 113 130 157 177 182 185 184 168 140 121 123 123 137 108 99 91 87 89 100 110 121 179 197 210 184 123 171 194 181 161 136 129 123 123 120 110 118 129 131 126 128 129 144 162 177 182 188 182 210 217 204 203 221 220 229 271 310 378 465 462 534 540 559 646 753 820 883 959 988 951 947 951 1007 1051 1029 990
44 45 49 53 55 69 83 103 100 99 104 106 128 152 165 173 177 173 150 126 123 126 122 118 108 97 92 89 92 102 111 123 134 144 130 106 140 192 218 203 172 144 128 119 126 124 121 119 125 114 100 114 119 140 164 168 172 183 199 231 233 228 230 241 241 257 298 346 503 658 821 827 734 708 769 861 904 962 1047 1101 1089 1040 1026 1052 1100 1084 1085
46 47 51 54 55 56 59 60 80 81 89 99 127 150 161 167 169 162 135 125 126 123 119 114 106 95 91 90 96 103 115 127 140 144 133 129 170 178 194 205 176 140 120 115 122 128 128 127 125 115 105 116 123 139 167 209 178 184 197 214 231 240 252 267 276 312 345 413 571 753 1016 1048 877 814 866 953 996 1069 1153 1217 1230 1155 1142 1158 1157 1162 1181
48 51 52 53 54 63 75 81 90 93 95 95 128 146 153 157 156 150 133 124 124 121 118 113 105 94 91 91 97 109 121 130 141 149 153 150 169 161 178 188 158 126 112 119 121 143 169 166 165 169 178 193 198 256 316 323 335 261 204 217 232 253 268 293 349 405 443 475 559 669 818 904 851 852 908 979 1018 1069 1170 1248 1247 1215 1204 1244 1224 1261 1280
50 51 50 54 59 77 90 100 109 109 114 124 133 143 146 144 142 140 129 125 125 123 117 112 106 91 91 92 101 112 124 135 144 154 176 155 151 105 131 144 126 110 119 133 139 163 204 226 234 266 283 258 326 434 468 449 440 384 255 237 249 262 297 340 387 494 513 529 568 651 737 821 858 881 954 994 1009 1034 1136 1223 1264 1256 1277 1287 1313 1353 1379
50 52 56 56 69 94 111 120 130 140 146 168 169 130 126 127 125 127 126 124 124 122 118 110 106 89 91 94 105 117 126 137 150 157 161 153 151 99 129 125 120 133 141 166 132 157 200 248 269 285 304 325 403 461 510 548 493 424 332 245 261 299 350 394 439 504 562 579 562 678 801 885 927 895 895 958 993 1021 1103 1197 1296 1376 1413 1357 1389 1431 1426
46 53 53 60 82 108 125 149 198 175 171 168 160 148 136 130 126 123 125 122 124 122 122 114 106 92 92 99 110 120 130 140 151 159 157 153 150 136 127 130 145 157 162 162 159 207 268 284 268 295 345 385 437 486 548 578 537 456 396 328 322 341 409 443 490 543 615 647 652 708 791 895 914 799 813 877 954 966 1054 1186 1314 1484 1751 1542 1454 1452 1447
46 57 58 62 85 109 139 164 170 175 177 170 161 152 142 132 128 127 124 123 123 122 121 116 110 98 90 103 113 124 131 142 153 161 155 153 149 135 130 140 154 164 174 209 271 434 357 316 274 338 386 439 464 544 603 607 603 532 435 405 415 442 482 500 534 585 635 650 668 743 841 920 920 796 721 760 860 910 1012 1220 1333 1396 1494 1508 1448 1492 1489
47 57 65 67 85 111 150 159 168 176 177 170 161 155 145 133 129 125 123 122 122 121 118 117 113 106 94 107 118 126 136 145 155 156 156 153 114 83 106 115 135 164 201 226 290 342 373 324 317 385 423 477 536 591 612 619 611 591 531 461 494 532 527 541 570 605 630 621 669 789 968 1098 1139 980 743 747 825 880 1009 1253 1406 1276 1299 1365 1447 1547 1539
50 60 72 79 91 114 137 158 168 177 178 173 167 160 149 137 129 124 122 121 120 121 118 118 113 110 105 113 121 127 135 141 145 148 142 89 39 22 30 41 47 67 99 137 196 239 281 252 330 392 454 537 566 590 612 634 614 593 573 546 547 546 550 555 591 628 653 640 681 892 1170 1422 1513 1171 850 752 828 834 924 1111 1162 1124 1144 1245 1423 1575 1560
69 75 86 110 115 127 136 161 174 180 183 181 172 164 154 148 125 119 117 118 118 116 119 116 116 111 116 116 124 132 133 139 144 144 133 56 14 22 23 24 26 32 38 33 58 158 216 276 331 418 485 552 571 587 624 646 627 590 632 646 645 584 627 661 634 645 677 694 904 1205 1460 1625 1491 1142 749 727 750 737 814 936 1030 1086 1147 1255 1401 1508 1535
102 121 150 156 152 155 171 175 189 198 192 193 184 177 172 162 145 124 117 115 115 115 118 129 147 141 137 140 139 136 130 132 136 138 142 143 114 71 85 66 46 59 75 86 91 182 294 302 376 444 510 580 600 621 647 656 670 696 717 733 774 807 857 832 828 948 1032 1037 1295 1555 1796 1676 1375 858 754 695 727 736 811 905 985 1068 1143 1242 1344 1407 1453
145 167 197 222 230 272 344 313 253 227 224 221 207 194 187 176 162 144 126 117 114 104 126 136 144 150 155 156 149 125 113 106 112 130 158 176 196 220 156 139 121 118 135 158 219 304 337 331 395 472 535 598 624 655 665 672 720 802 807 828 887 937 1021 1017 1235 1319 1376 1338 1709 1932 2038 1853 1440 804 703 688 724 784 838 928 1002 1059 1103 1160 1224 1288 1374
177 176 193 245 311 364 409 378 309 247 246 248 230 213 198 187 171 151 129 128 111 109 116 130 149 160 180 171 159 140 121 109 112 125 155 186 209 231 262 262 264 262 261 283 329 355 372 359 432 492 554 630 647 664 676 683 732 791 847 927 997 1062 1122 1197 1358 1432 1539 1661 1890 2002 2110 2109 1601 1194 871 664 722 804 884 941 1001 1048 1055 1079 1157 1255 1360
172 159 196 263 351 418 452 413 362 270 264 265 256 227 211 197 178 164 173 173 136 112 100 110 147 185 188 181 171 156 135 113 112 128 150 183 211 240 274 289 300 311 327 353 378 403 409 400 432 501 569 634 653 673 689 697 727 784 868 962 1046 1087 1236 1337 1396 1482 1575 1630 1860 2059 2411 2576 2438 1839 1473 856 719 817 869 913 982 1028 1021 1020 1090 1159 1292
174 197 241 311 382 495 446 389 324 270 248 248 251 261 247 233 239 244 242 201 138 99 80 85 90 172 202 193 181 168 154 126 118 131 152 182 207 233 268 299 320 339 364 394 424 465 447 437 427 527 585 639 650 687 710 711 711 807 938 978 1088 1186 1400 1431 1466 1526 1603 1656 1802 2252 2787 2923 3719 3383 2150 1156 720 805 832 865 926 951 913 889 980 1049 1196
226 289 324 362 416 442 412 363 295 248 220 215 228 268 302 306 294 288 288 214 149 74 59 49 66 136 232 209 196 184 172 156 126 131 156 184 212 237 262 298 328 358 386 427 443 462 467 466 492 555 596 639 668 697 718 727 767 847 926 1013 1143 1285 1419 1515 1545 1590 1641 1684 1897 2359 2978 3167 3391 2968 2082 962 686 731 784 820 850 869 834 768 851 946 1091
337 383 424 451 462 385 369 329 267 219 179 171 235 279 317 358 401 360 314 235 174 21 30 43 66 125 187 234 211 199 188 176 159 140 160 189 223 249 283 291 331 364 396 431 445 459 471 483 523 560 603 643 672 699 725 747 802 868 942 1048 1203 1311 1423 1575 1591 1628 1675 1762 1994 2311 2718 2933 2706 2365 1280 718 640 648 707 764 801 845 824 790 821 904 1002
421 515 589 626 572 380 346 329 260 192 140 167 245 299 356 429 500 553 315 230 121 20 30 47 73 132 182 226 231 216 205 195 182 183 181 199 239 275 314 323 354 377 413 440 450 457 480 492 521 573 613 649 670 697 736 760 808 897 1005 1085 1214 1331 1475 1593 1616 1658 1726 1775 1909 2187 2472 2516 2278 1942 1248 845 654 602 657 724 759 792 800 775 773 878 956
409 523 719 863 528 334 340 346 262 180 106 181 258 334 417 475 548 474 289 221 34 20 29 50 90 142 193 220 241 232 224 215 209 211 210 209 262 312 332 346 372 398 429 453 461 477 493 501 541 584 622 661 687 716 754 769 822 930 1013 1092 1238 1350 1474 1608 1642 1708 1774 1807 1916 2192 2568 2588 2499 2259 1589 940 683 604 638 691 714 718 747 749 777 868 963
439 433 599 845 377 352 358 355 257 180 110 187 267 361 452 485 458 324 269 176 32 21 27 55 108 162 206 232 242 243 248 237 235 241 242 228 289 324 348 369 394 420 454 469 480 500 508 513 545 593 633 672 696 736 768 780 849 963 1053 1121 1257 1372 1524 1626 1675 1749 1791 1831 2070 2350 2664 2684 2657 2539 1959 956 706 631 600 631 677 712 816 769 837 914 976
522 543 661 637 583 519 431 359 264 191 119 182 255 320 344 333 292 232 231 91 43 42 30 63 123 196 240 239 244 244 252 257 268 276 283 269 312 335 362 395 415 440 458 479 487 498 511 521 561 601 643 683 718 750 776 793 866 943 1022 1140 1284 1392 1498 1644 1697 1742 1787 1855 2170 2359 2680 2839 2759 2725 2242 1441 743 634 568 575 628 696 778 846 928 980 1005
686 803 854 667 583 579 490 386 277 176 97 113 188 252 253 234 194 166 124 54 63 74 82 110 171 258 290 281 253 246 241 242 274 305 325 338 340 355 375 391 415 440 474 487 490 497 509 519 553 607 657 699 729 761 793 808 850 930 1038 1157 1288 1395 1558 1664 1692 1734 1771 1795 2001 2361 2758 2871 2976 3107 2864 1995 1132 684 622 609 618 659 745 881 976 1019 1039
890 1028 932 771 588 583 523 409 227 158 56 60 72 137 139 135 115 101 43 54 75 99 125 172 249 398 326 287 241 227 226 231 253 316 365 393 375 379 389 392 419 449 501 500 498 494 513 527 541 625 673 717 730 785 823 822 825 943 1108 1156 1285 1404 1653 1669 1689 1722 1739 1752 1756 2405 3051 3100 3296 3489 3284 2559 1512 793 674 624 639 673 741 894 1033 1121 1146
1179 1172 895 728 608 574 574 536 173 48 47 53 55 58 56 53 50 50 45 52 77 107 142 200 260 309 305 266 224 210 209 209 207 267 324 350 357 366 379 392 422 458 496 516 512 518 529 541 584 648 683 725 765 809 834 845 886 975 1072 1175 1304 1413 1571 1667 1683 1694 1701 1707 2020 2451 2825 3199 3464 3541 3447 2847 2072 1156 815 714 736 732 760 938 1139 1225 1253
1255 1263 1027 793 668 702 719 680 104 96 89 66 58 52 52 51 49 48 44 42 75 104 133 166 228 252 243 217 195 189 194 199 202 231 267 312 334 352 368 388 424 461 495 529 527 533 544 567 612 652 697 741 782 813 846 874 927 1000 1079 1191 1320 1418 1514 1644 1668 1676 1680 1669 2183 2440 2689 3266 3409 3490 3460 3097 2477 1685 1041 856 897 832 869 1021 1177 1259 1303
1442 1508 1235 1051 974 948 911 537 162 175 159 132 66 62 58 64 65 58 55 42 68 85 104 113 120 168 174 160 153 156 170 196 189 181 234 286 326 347 390 412 442 475 514 545 543 543 567 585 613 671 717 759 780 809 863 893 941 1030 1134 1206 1323 1423 1549 1644 1653 1661 1662 1658 1973 2355 2371 2523 3239 3491 3501 3263 2962 2167 1325 928 900 892 920 1061 1193 1274 1312
1648 1675 1421 1210 1094 1076 1015 538 199 223 278 194 110 84 94 116 124 100 85 44 46 57 67 74 74 82 98 100 110 137 171 195 196 205 255 296 327 381 412 430 467 495 533 556 566 579 595 600 644 688 735 777 809 843 890 911 951 1059 1134 1211 1328 1424 1531 1640 1643 1643 1647 1642 1630 1847 2162 2235 2310 2991 3363 3280 3223 2497 1586 1103 986 937 992 1090 1234 1330 1357
