data/release/coverages/arc_sample/precip30min.asc
ncols         720
nrows         360
xllcorner     -180
yllcorner     -90
cellsize      0.5
NODATA_value  -9999
[rows 234 to 272 of 360, columns 0 to 86 of 720]
1755 1729 1673 1686 1703 1714 1714 1691 1667 1650 1642 1645 1656 1667 1676 1714 1752 1757 1764 1852 1916 2008 2088 2201 2248 2257 2169 2184 2206 2102 2035 2074 2147 2106 2083 2090 2094 2076 2043 2000 1921 1875 1821 1869 1885 1887 1848 2019 2308 2361 2466 2777 3147 3248 3281 3532 3496 3367 3048 2764 2514 2349 2091 2127 2198 2190 2183 2324 2580 2697 2879 2962 2832 2668 2445 2202 2151 2130 2098 2262 2373 2549 2678 2782 2816 2806 2746
1720 1672 1667 1688 1720 1729 1713 1711 1663 1645 1633 1638 1644 1662 1677 1698 1723 1722 1713 1764 1833 1902 1975 2004 2068 2089 2067 2042 1967 1931 1900 1928 1962 2025 2051 2080 2063 1995 1966 1908 1848 1788 1760 1775 1812 1823 1805 1791 2016 2151 2246 2389 2572 2948 3008 3066 3013 2842 2765 2545 2343 2143 2006 2032 2128 2169 2146 2129 2322 2613 2677 2772 2786 2588 2383 2248 2168 2066 2032 2100 2239 2376 2515 2568 2680 2708 2656
1572 1640 1649 1702 1728 1734 1714 1697 1670 1638 1632 1624 1629 1646 1672 1700 1701 1689 1656 1646 1656 1749 1845 1847 1885 1923 1945 1828 1736 1731 1750 1750 1778 1878 2004 2076 2038 1958 1875 1782 1698 1684 1694 1706 1735 1753 1755 1708 1682 1815 1944 1980 2093 2373 2694 2588 2504 2416 2440 2201 1972 1926 1925 2013 2069 2116 2099 2072 2048 2228 2443 2486 2476 2474 2322 2250 2140 2031 1943 1919 1949 2115 2331 2427 2545 2616 2546
1470 1500 1619 1705 1733 1794 1707 1685 1645 1613 1609 1589 1600 1617 1649 1738 1694 1664 1597 1581 1601 1640 1745 1821 1865 1919 1853 1755 1697 1640 1596 1660 1734 1812 1948 2116 2030 1948 1790 1676 1628 1605 1635 1690 1722 1762 1707 1665 1647 1635 1647 1848 2011 2163 2448 2548 2434 2342 2194 1927 1845 1797 1819 1974 2050 2161 2048 1991 1965 1964 2049 2097 2165 2251 2276 2265 2124 2019 1837 1787 1819 1888 2129 2379 2503 2679 2407
1427 1475 1573 1688 1741 1745 1713 1660 1593 1528 1504 1523 1565 1605 1654 1683 1701 1641 1542 1516 1541 1575 1642 1789 1875 1855 1833 1749 1641 1536 1489 1539 1675 1807 1941 2009 2040 1897 1680 1588 1544 1523 1558 1667 1725 1709 1696 1650 1599 1544 1517 1643 1917 2193 2390 2413 2455 2275 1934 1790 1715 1646 1700 1925 2070 2050 2021 1939 1848 1744 1700 1773 1946 2119 2208 2175 2139 1965 1707 1629 1675 1743 1904 2297 2534 2475 2397
1373 1446 1521 1622 1701 1711 1694 1624 1508 1435 1413 1435 1489 1567 1615 1648 1629 1556 1512 1464 1418 1506 1583 1655 1752 1779 1741 1669 1527 1418 1393 1418 1552 1739 1845 1916 1873 1713 1606 1499 1397 1457 1515 1566 1641 1662 1635 1585 1502 1439 1407 1444 1693 2030 2183 2253 2180 1966 1804 1641 1422 1520 1626 1734 1901 1957 1896 1790 1603 1467 1400 1467 1652 1908 2027 2064 1962 1750 1621 1496 1381 1599 1782 1966 2238 2317 2204
1358 1400 1494 1562 1612 1637 1656 1546 1481 1442 1409 1431 1456 1497 1587 1582 1533 1499 1472 1462 1459 1486 1512 1546 1584 1661 1676 1539 1485 1453 1432 1464 1511 1591 1766 1751 1646 1578 1525 1484 1451 1448 1457 1487 1520 1580 1594 1510 1481 1469 1457 1513 1586 1720 2046 2001 1810 1711 1627 1578 1515 1515 1535 1593 1664 1782 1807 1589 1494 1453 1403 1460 1514 1637 1902 1854 1693 1597 1522 1496 1488 1556 1614 1717 1838 2036 2071
1367 1383 1523 1552 1575 1588 1608 1539 1494 1453 1414 1440 1464 1488 1538 1523 1516 1504 1489 1481 1488 1502 1536 1548 1557 1564 1574 1536 1510 1493 1485 1508 1542 1585 1648 1625 1610 1585 1563 1510 1485 1470 1472 1487 1500 1508 1523 1513 1508 1509 1524 1574 1627 1687 1810 1768 1750 1712 1676 1593 1570 1554 1576 1601 1623 1635 1660 1570 1519 1475 1428 1485 1542 1607 1717 1677 1652 1613 1574 1547 1563 1590 1683 1728 1771 1789 1835
1469 1431 1487 1520 1534 1553 1558 1540 1510 1463 1428 1450 1479 1494 1505 1504 1492 1485 1462 1481 1511 1495 1486 1516 1494 1491 1478 1496 1529 1461 1431 1478 1563 1531 1516 1522 1511 1526 1472 1489 1517 1450 1400 1440 1425 1429 1427 1462 1523 1478 1466 1535 1666 1629 1613 1628 1614 1631 1554 1574 1622 1536 1481 1537 1520 1530 1518 1524 1542 1445 1384 1456 1570 1566 1565 1569 1551 1554 1489 1542 1623 1587 1577 1656 1649 1667 1656
1440 1454 1448 1468 1486 1508 1527 1508 1491 1468 1450 1460 1472 1481 1493 1478 1465 1453 1437 1436 1438 1439 1438 1427 1417 1409 1394 1379 1367 1353 1337 1351 1365 1380 1392 1392 1388 1383 1380 1371 1358 1346 1333 1334 1335 1335 1333 1343 1348 1356 1360 1388 1419 1446 1480 1470 1461 1453 1442 1432 1418 1402 1389 1396 1399 1405 1406 1382 1359 1337 1314 1346 1384 1413 1448 1439 1429 1419 1407 1422 1444 1461 1475 1495 1510 1527 1544
1344 1441 1407 1406 1440 1459 1482 1482 1471 1469 1471 1470 1468 1471 1470 1450 1437 1415 1412 1388 1359 1377 1393 1343 1338 1321 1309 1272 1204 1241 1261 1225 1174 1234 1265 1258 1262 1243 1292 1245 1192 1233 1269 1228 1242 1238 1245 1219 1174 1232 1271 1234 1174 1274 1324 1307 1307 1272 1334 1275 1202 1255 1302 1253 1277 1275 1286 1251 1185 1226 1257 1233 1194 1274 1318 1306 1306 1281 1330 1291 1248 1317 1376 1329 1371 1379 1404
1334 1363 1368 1381 1402 1425 1449 1462 1473 1484 1490 1485 1475 1460 1447 1428 1412 1398 1382 1366 1356 1347 1340 1310 1281 1257 1219 1205 1198 1193 1195 1179 1165 1157 1144 1158 1174 1184 1198 1183 1182 1184 1195 1184 1175 1160 1147 1158 1169 1179 1197 1180 1170 1159 1149 1171 1182 1192 1207 1191 1185 1188 1203 1190 1183 1174 1158 1171 1177 1190 1205 1195 1191 1188 1183 1204 1216 1230 1242 1236 1239 1244 1260 1257 1258 1255 1252
1330 1349 1351 1375 1407 1431 1459 1471 1485 1497 1505 1499 1483 1469 1458 1438 1416 1389 1369 1361 1351 1344 1338 1315 1278 1243 1210 1194 1180 1168 1158 1158 1155 1143 1127 1145 1168 1168 1172 1163 1159 1160 1170 1167 1167 1144 1129 1145 1155 1157 1158 1158 1156 1148 1130 1148 1174 1173 1176 1166 1163 1164 1173 1174 1178 1159 1145 1159 1170 1174 1173 1178 1179 1176 1172 1187 1209 1220 1227 1223 1225 1230 1239 1243 1252 1247 1241
1321 1343 1354 1362 1416 1442 1465 1477 1502 1519 1519 1520 1504 1478 1466 1448 1426 1378 1370 1356 1343 1338 1331 1323 1262 1233 1202 1185 1152 1125 1125 1125 1125 1117 1116 1119 1125 1137 1137 1136 1130 1133 1137 1139 1126 1121 1117 1118 1123 1128 1128 1128 1126 1120 1119 1121 1129 1141 1139 1134 1128 1135 1138 1142 1137 1134 1134 1136 1145 1149 1149 1149 1156 1157 1160 1171 1180 1201 1203 1202 1202 1210 1215 1219 1227 1231 1236
1249 1274 1358 1385 1421 1447 1469 1499 1521 1536 1541 1537 1522 1501 1472 1455 1435 1399 1374 1363 1345 1330 1319 1294 1249 1222 1198 1163 1136 1118 1104 1102 1099 1098 1098 1096 1087 1099 1103 1111 1109 1110 1102 1099 1087 1096 1101 1096 1096 1101 1103 1101 1097 1099 1101 1096 1086 1098 1101 1107 1109 1111 1104 1108 1102 1114 1119 1121 1124 1129 1131 1134 1136 1143 1151 1154 1153 1171 1179 1184 1189 1193 1194 1200 1202 1216 1224
1253 1255 1371 1397 1421 1449 1478 1504 1526 1546 1571 1547 1529 1508 1483 1457 1433 1410 1388 1365 1347 1328 1306 1277 1250 1220 1190 1159 1136 1112 1087 1088 1088 1085 1084 1083 1083 1084 1084 1093 1096 1093 1083 1082 1081 1085 1083 1084 1084 1083 1076 1083 1084 1087 1085 1082 1082 1083 1081 1092 1093 1094 1087 1093 1094 1101 1107 1112 1115 1117 1116 1124 1130 1133 1141 1148 1153 1157 1162 1173 1180 1184 1185 1193 1198 1205 1214
1335 1335 1372 1395 1435 1467 1496 1510 1527 1563 1593 1567 1530 1511 1496 1472 1445 1413 1398 1374 1347 1322 1301 1279 1243 1211 1182 1161 1136 1097 1067 1075 1084 1072 1066 1068 1067 1070 1058 1073 1086 1072 1057 1070 1064 1065 1063 1066 1079 1066 1053 1067 1078 1071 1067 1070 1066 1070 1059 1074 1085 1077 1066 1081 1082 1088 1091 1099 1110 1105 1099 1112 1126 1127 1129 1136 1140 1149 1145 1159 1177 1173 1168 1183 1187 1196 1202
1428 1373 1375 1413 1453 1488 1526 1549 1571 1592 1610 1592 1567 1542 1521 1489 1464 1436 1408 1383 1352 1322 1297 1264 1231 1204 1165 1137 1108 1076 1051 1048 1040 1040 1035 1036 1036 1037 1036 1037 1034 1035 1031 1035 1033 1034 1033 1035 1032 1032 1033 1035 1033 1038 1037 1037 1038 1039 1036 1040 1040 1045 1044 1053 1059 1066 1066 1073 1079 1082 1086 1094 1098 1106 1107 1114 1120 1126 1130 1137 1139 1147 1153 1160 1166 1173 1180
1417 1343 1380 1425 1468 1511 1551 1577 1613 1626 1627 1618 1602 1564 1538 1511 1479 1448 1417 1389 1359 1322 1294 1262 1226 1186 1155 1125 1078 1053 1035 1020 1004 1008 1010 1008 1007 1003 1011 1000 985 1000 1009 1001 1005 1002 1006 1001 991 1004 1013 1004 995 1005 1010 1008 1010 1007 1016 1009 1002 1015 1027 1024 1032 1040 1048 1048 1048 1061 1074 1069 1070 1084 1091 1096 1103 1107 1117 1114 1111 1125 1135 1136 1149 1155 1160
1295 1286 1360 1440 1474 1519 1575 1608 1628 1646 1652 1640 1616 1589 1552 1518 1484 1456 1425 1391 1359 1328 1291 1255 1223 1185 1147 1099 1065 1035 1015 1003 998 993 990 989 991 990 990 981 979 978 986 986 988 986 986 986 986 988 993 989 989 990 992 994 996 997 998 992 994 998 1009 1014 1019 1024 1032 1041 1043 1049 1058 1060 1064 1071 1079 1086 1094 1097 1103 1102 1108 1113 1122 1128 1134 1141 1149
1262 1246 1351 1400 1474 1527 1579 1624 1656 1682 1700 1680 1646 1611 1563 1526 1484 1444 1407 1392 1365 1335 1314 1275 1223 1179 1141 1082 1039 1002 975 977 982 982 980 986 989 981 975 967 963 966 971 977 983 980 977 975 974 972 962 971 975 981 983 988 992 988 985 980 979 985 995 1004 1018 1023 1026 1032 1036 1038 1038 1046 1053 1060 1072 1081 1091 1095 1094 1096 1098 1100 1107 1120 1134 1139 1142
1286 1302 1322 1344 1458 1528 1592 1627 1679 1728 1742 1727 1677 1617 1580 1539 1499 1428 1409 1389 1369 1343 1326 1301 1217 1171 1126 1082 1016 958 944 955 960 967 972 974 971 967 960 952 943 950 958 964 969 970 966 964 955 946 941 947 957 966 973 977 979 977 972 967 961 971 980 989 1007 1014 1022 1023 1023 1023 1021 1026 1039 1053 1063 1072 1078 1087 1090 1085 1084 1090 1100 1107 1121 1129 1135
1268 1270 1304 1364 1442 1518 1587 1639 1674 1706 1726 1706 1673 1634 1577 1546 1512 1457 1419 1397 1368 1340 1319 1273 1214 1172 1134 1068 1023 982 958 959 959 959 964 962 957 958 953 952 948 952 951 956 954 956 960 955 950 950 945 950 950 957 966 967 963 969 967 969 967 973 976 986 993 1007 1015 1016 1021 1023 1023 1032 1036 1047 1061 1064 1068 1078 1081 1082 1085 1089 1095 1103 1107 1118 1127
1257 1267 1301 1399 1441 1506 1587 1628 1657 1684 1706 1684 1658 1627 1585 1546 1512 1477 1444 1402 1369 1337 1293 1253 1214 1175 1131 1078 1040 1005 975 969 964 963 958 958 956 956 956 953 952 951 954 954 954 953 953 954 954 954 956 956 955 958 959 962 964 967 967 968 973 975 983 989 993 1000 1008 1017 1020 1026 1032 1038 1040 1047 1054 1062 1069 1075 1079 1084 1086 1092 1098 1103 1107 1111 1119
1294 1298 1321 1383 1451 1512 1572 1609 1645 1673 1690 1673 1644 1612 1584 1552 1515 1476 1443 1409 1368 1328 1295 1258 1213 1172 1135 1099 1055 1013 983 974 969 965 962 961 960 960 961 959 952 958 961 956 959 958 960 958 955 958 963 960 960 960 966 966 967 968 972 973 973 982 990 992 998 1005 1011 1014 1022 1028 1035 1036 1044 1049 1055 1062 1068 1074 1082 1084 1086 1092 1098 1105 1109 1115 1121
1344 1346 1353 1408 1462 1512 1567 1596 1621 1649 1672 1652 1628 1608 1583 1546 1514 1478 1442 1406 1370 1334 1300 1257 1217 1178 1137 1099 1063 1024 990 983 978 975 971 968 967 967 969 967 968 966 970 968 968 967 968 968 968 968 969 968 971 972 974 976 978 979 982 982 988 991 997 1000 1006 1010 1016 1021 1026 1032 1037 1041 1048 1052 1059 1066 1070 1076 1086 1086 1092 1098 1103 1106 1112 1118 1125
1407 1447 1398 1421 1471 1519 1553 1576 1598 1631 1647 1637 1613 1597 1579 1548 1511 1473 1439 1408 1373 1335 1303 1268 1221 1179 1141 1106 1068 1027 995 991 989 980 977 974 974 976 972 975 981 976 973 978 978 979 974 980 980 979 975 979 984 983 981 987 987 988 988 993 1000 998 997 1004 1010 1017 1020 1025 1031 1035 1037 1043 1049 1057 1061 1068 1073 1080 1084 1089 1099 1100 1106 1110 1115 1119 1124
1484 1516 1399 1459 1471 1508 1551 1584 1610 1630 1643 1636 1622 1605 1584 1544 1507 1475 1437 1400 1372 1343 1305 1266 1227 1186 1143 1094 1058 1027 998 994 991 985 979 980 976 977 977 981 981 982 980 980 981 981 982 982 983 982 981 985 985 985 988 987 994 993 993 998 1000 1001 1004 1007 1013 1016 1023 1029 1032 1036 1039 1043 1049 1054 1062 1068 1078 1083 1087 1094 1100 1102 1106 1110 1113 1120 1126
1488 1483 1398 1414 1471 1464 1490 1570 1626 1648 1668 1654 1638 1608 1565 1532 1506 1453 1415 1397 1373 1346 1326 1283 1227 1181 1140 1085 1048 1014 995 992 989 986 983 981 976 982 981 984 984 983 983 981 982 984 985 984 985 985 984 987 987 988 990 992 994 994 995 1001 1002 1003 1003 1008 1013 1020 1024 1030 1034 1037 1043 1044 1048 1055 1061 1068 1078 1084 1095 1099 1102 1106 1106 1110 1113 1121 1125
1394 1363 1343 1331 1340 1357 1401 1469 1548 1628 1692 1639 1599 1571 1537 1502 1466 1415 1397 1387 1375 1350 1328 1297 1224 1174 1129 1091 1042 1001 989 991 991 990 989 990 993 990 989 990 989 989 990 990 990 994 990 989 991 989 989 989 992 992 995 998 998 1001 1001 1003 1003 1005 1007 1011 1016 1023 1028 1032 1038 1043 1043 1043 1050 1055 1061 1068 1075 1089 1096 1101 1107 1107 1107 1109 1112 1120 1127
1352 1306 1285 1250 1205 1212 1255 1310 1380 1462 1508 1505 1493 1498 1486 1463 1428 1409 1391 1377 1357 1333 1311 1268 1215 1174 1140 1087 1053 1023 1005 1004 1003 999 999 1001 1004 998 999 995 995 995 996 998 999 999 1000 997 998 996 997 995 998 999 1001 1004 1005 1004 1006 1006 1007 1008 1010 1015 1021 1025 1030 1033 1038 1041 1044 1047 1050 1056 1062 1069 1076 1085 1092 1098 1103 1106 1109 1111 1113 1120 1123
1330 1323 1211 1208 1166 1114 1192 1030 1111 1185 1318 1388 1417 1435 1463 1447 1428 1411 1397 1369 1343 1319 1277 1246 1212 1179 1144 1101 1071 1044 1019 1012 1010 1009 1003 1002 1004 1003 1003 999 998 999 1000 999 999 1003 1002 1001 1001 1002 1002 1001 1002 1002 1004 1005 1005 1007 1007 1007 1010 1011 1014 1017 1020 1025 1029 1034 1036 1040 1043 1047 1052 1057 1063 1069 1076 1080 1085 1092 1100 1104 1109 1111 1113 1117 1121
1304 1217 1173 1183 1126 1056 954 890 919 977 1075 1326 1386 1405 1417 1424 1402 1397 1378 1358 1337 1299 1270 1239 1203 1174 1141 1113 1083 1048 1023 1017 1012 1008 1006 1003 1007 1005 1005 1005 999 1004 1003 1003 1004 1005 1005 1005 1003 1004 1006 1004 1004 1006 1006 1007 1008 1009 1008 1010 1009 1014 1015 1021 1024 1028 1031 1032 1037 1041 1044 1049 1054 1059 1063 1068 1072 1078 1082 1089 1098 1100 1104 1108 1111 1116 1118
1251 1171 1175 1159 1158 1157 1144 1107 1015 1041 1099 1231 1309 1337 1364 1360 1353 1346 1337 1316 1293 1273 1246 1219 1188 1164 1134 1105 1081 1052 1029 1021 1019 1017 1014 1013 1012 1012 1015 1014 1014 1014 1015 1013 1012 1011 1012 1011 1010 1009 1011 1009 1010 1010 1014 1014 1013 1015 1018 1018 1019 1022 1024 1025 1028 1032 1036 1038 1040 1043 1047 1051 1055 1058 1063 1067 1070 1075 1081 1084 1088 1091 1095 1100 1101 1106 1108
1196 1189 1137 1132 1182 1230 1270 1249 1191 1152 1146 1205 1229 1272 1303 1297 1304 1292 1297 1280 1250 1241 1228 1204 1178 1149 1127 1104 1074 1050 1032 1030 1027 1023 1020 1020 1021 1021 1022 1023 1027 1024 1023 1021 1018 1019 1017 1016 1016 1015 1012 1014 1014 1016 1018 1019 1019 1024 1024 1025 1029 1028 1030 1032 1033 1039 1040 1042 1046 1047 1048 1052 1054 1059 1063 1066 1069 1071 1075 1077 1077 1084 1086 1090 1093 1100 1102
1225 1231 1137 1132 1137 1172 1116 1212 1204 1198 1189 1228 1244 1256 1272 1274 1278 1278 1283 1264 1249 1237 1221 1199 1174 1151 1123 1093 1071 1051 1032 1029 1028 1025 1021 1021 1024 1024 1024 1026 1027 1027 1026 1026 1025 1020 1019 1018 1018 1016 1015 1017 1021 1019 1020 1022 1024 1024 1025 1028 1030 1031 1031 1035 1035 1036 1041 1044 1045 1047 1049 1052 1055 1058 1063 1067 1069 1072 1074 1075 1076 1080 1082 1083 1088 1094 1099
1243 1219 1185 1161 1131 1136 1160 1202 1231 1267 1288 1291 1286 1290 1282 1279 1276 1271 1266 1255 1242 1234 1223 1203 1174 1145 1119 1088 1066 1043 1036 1029 1028 1027 1024 1026 1024 1026 1027 1030 1032 1031 1028 1027 1024 1023 1022 1021 1021 1022 1022 1022 1022 1022 1024 1024 1024 1026 1028 1032 1033 1033 1033 1035 1035 1037 1043 1043 1047 1049 1049 1050 1053 1056 1062 1068 1069 1072 1071 1073 1074 1075 1079 1082 1087 1094 1096
1252 1268 1225 1216 1216 1217 1242 1279 1315 1356 1393 1360 1340 1322 1302 1288 1275 1262 1256 1245 1236 1229 1218 1204 1171 1141 1113 1089 1065 1041 1033 1033 1036 1036 1034 1037 1036 1037 1036 1036 1036 1036 1038 1038 1037 1037 1032 1032 1030 1030 1030 1030 1032 1032 1033 1035 1036 1036 1036 1036 1036 1036 1034 1035 1035 1041 1041 1045 1046 1046 1047 1049 1052 1055 1057 1062 1068 1071 1069 1071 1069 1073 1077 1079 1085 1090 1093
1374 1382 1302 1266 1293 1291 1313 1337 1358 1366 1369 1364 1354 1337 1315 1296 1281 1263 1250 1241 1229 1217 1206 1185 1160 1139 1119 1091 1074 1057 1049 1048 1048 1047 1049 1049 1047 1045 1046 1045 1042 1046 1047 1051 1050 1048 1047 1045 1042 1039 1038 1039 1041 1042 1044 1046 1046 1045 1043 1042 1041 1040 1036 1037 1037 1038 1041 1044 1046 1047 1047 1047 1047 1052 1057 1062 1066 1068 1069 1069 1067 1069 1073 1077 1082 1087 1090
