data/release/coverages/arc_sample/precip30min.asc
ncols         720
nrows         360
xllcorner     -180
yllcorner     -90
cellsize      0.5
NODATA_value  -9999
[rows 195 to 233 of 360, columns 435 to 521 of 720]
1596 1338 1148 1188 1426 1527 1581 1471 1367 1348 1343 1330 1290 1256 1204 1181 1179 1176 1174 1172 1196 1220 1246 1272 1282 1306 1330 1342 1349 1399 1433 1432 1433 1430 1427 1426 1443 1483 1511 1539 1523 1506 1489 1474 1470 1458 1448 1443 1470 1504 1533 1565 1586 1609 1640 1650 1663 1688 1704 1720 1773 1820 1875 1922 1988 2143 2315 2429 2509 2614 2679 2723 2760 2441 2243 2166 2130 2065 2015 1968 1977 1983 1991 1993 2000 2001 2005
1616 1287 1095 1141 1221 1297 1294 1236 1280 1317 1341 1365 1374 1368 1263 1208 1216 1235 1211 1205 1231 1258 1300 1311 1343 1383 1376 1369 1383 1411 1422 1426 1431 1438 1440 1446 1469 1524 1549 1562 1559 1539 1517 1496 1485 1475 1453 1440 1461 1498 1528 1557 1569 1595 1630 1646 1648 1654 1684 1702 1745 1788 1842 1887 1906 1966 2130 2286 2366 2389 2502 2563 2450 2145 2105 2083 2017 1896 1900 1897 1900 1908 1909 1940 1910 1878 1916
1385 1162 1016 1036 1038 1061 1074 1050 1180 1275 1390 1503 1406 1346 1289 1237 1235 1234 1236 1235 1262 1299 1328 1361 1388 1395 1401 1398 1403 1409 1412 1418 1425 1432 1441 1458 1479 1532 1579 1593 1587 1568 1540 1522 1484 1461 1444 1439 1466 1491 1521 1549 1573 1596 1617 1635 1638 1648 1660 1674 1716 1764 1803 1847 1847 1899 1975 2132 2197 2274 2306 2308 2184 2085 2016 1989 1919 1876 1846 1800 1825 1844 1863 1882 1847 1842 1851
1143 1018 959 976 972 1004 1080 1158 1099 1309 1581 1778 1523 1332 1277 1238 1244 1231 1224 1216 1245 1288 1330 1366 1388 1409 1409 1402 1400 1403 1407 1413 1412 1418 1420 1420 1430 1555 1679 1699 1658 1588 1524 1492 1469 1444 1430 1429 1448 1486 1501 1523 1557 1591 1610 1620 1623 1640 1638 1636 1675 1733 1764 1770 1776 1822 1885 1944 2046 2149 2148 2127 2068 2015 1891 1839 1831 1828 1777 1738 1762 1808 1812 1810 1804 1801 1806
1059 963 956 967 952 991 1144 1170 1128 1478 1983 1942 1860 1508 1282 1222 1282 1244 1206 1199 1198 1248 1313 1342 1378 1430 1409 1399 1387 1395 1402 1410 1404 1407 1410 1381 1482 1608 1733 1739 1733 1641 1506 1485 1456 1417 1417 1415 1414 1457 1483 1506 1520 1563 1592 1602 1592 1599 1602 1602 1627 1649 1697 1696 1693 1690 1775 1825 1869 1944 1979 1999 1956 1817 1721 1705 1721 1707 1689 1688 1695 1704 1730 1731 1737 1743 1739
1061 1008 980 987 972 992 1115 1151 1133 1680 2233 2158 2092 1811 1467 1403 1375 1316 1214 1182 1186 1198 1238 1310 1343 1379 1393 1389 1384 1388 1399 1407 1420 1437 1449 1466 1521 1644 1799 1771 1702 1643 1529 1485 1459 1430 1413 1402 1411 1432 1461 1484 1500 1515 1544 1552 1549 1545 1559 1572 1579 1570 1602 1622 1634 1651 1686 1717 1734 1744 1842 1888 1772 1658 1647 1635 1632 1608 1621 1633 1631 1603 1629 1653 1665 1674 1670
1151 1096 1040 1007 1038 1037 1064 1042 1139 1795 2262 2308 2148 1998 1793 1595 1513 1365 1270 1168 1177 1193 1217 1257 1288 1330 1359 1368 1377 1384 1400 1401 1436 1463 1494 1539 1589 1645 1699 1687 1657 1618 1567 1508 1470 1440 1412 1391 1408 1422 1438 1458 1475 1491 1499 1494 1513 1522 1527 1534 1535 1542 1545 1549 1598 1625 1640 1641 1658 1672 1696 1707 1666 1634 1595 1550 1570 1576 1573 1571 1569 1569 1569 1571 1615 1626 1618
1347 1260 1158 1081 1102 1106 1075 1056 1075 2012 2444 2398 2237 2051 1856 1712 1629 1375 1300 1303 1218 1179 1191 1160 1139 1221 1297 1399 1404 1424 1433 1446 1457 1470 1511 1538 1566 1641 1656 1650 1630 1597 1505 1452 1447 1448 1391 1360 1381 1389 1400 1415 1434 1474 1461 1454 1475 1510 1488 1481 1484 1495 1508 1495 1540 1603 1579 1559 1596 1588 1590 1591 1598 1626 1533 1483 1511 1556 1513 1497 1497 1504 1521 1500 1538 1588 1543
1462 1471 1272 1155 1151 1167 1091 1047 1022 2017 2436 2343 2126 1955 1856 1721 1571 1396 1558 1523 1494 1453 1337 1231 1157 1241 1352 1443 1452 1463 1472 1481 1491 1503 1517 1523 1536 1578 1634 1630 1632 1517 1455 1401 1391 1363 1336 1324 1337 1351 1360 1370 1385 1392 1414 1423 1421 1421 1425 1427 1431 1434 1439 1436 1447 1459 1476 1478 1485 1488 1493 1492 1478 1461 1432 1428 1425 1422 1421 1417 1424 1425 1428 1427 1433 1433 1433
1390 1346 1243 1123 1107 1095 1030 1000 1001 1598 2256 2179 1962 1745 1794 1722 1495 1541 1763 1822 1900 1845 1729 1591 1417 1424 1447 1504 1503 1515 1509 1515 1517 1532 1521 1513 1523 1540 1583 1606 1540 1476 1393 1355 1322 1277 1285 1293 1289 1309 1320 1329 1329 1317 1362 1385 1368 1336 1366 1376 1375 1376 1371 1388 1359 1320 1367 1407 1375 1391 1398 1393 1365 1294 1339 1368 1336 1287 1329 1345 1347 1348 1337 1362 1324 1279 1324
1266 1210 1128 1018 1036 1007 938 946 1008 1403 1871 1988 1818 1705 1704 1604 1530 1650 1774 2138 2208 2156 1993 1837 1676 1557 1555 1524 1537 1541 1544 1559 1543 1530 1519 1507 1522 1539 1556 1577 1496 1436 1373 1298 1274 1264 1257 1261 1270 1275 1285 1287 1299 1306 1321 1344 1326 1323 1324 1322 1324 1331 1332 1334 1298 1290 1292 1324 1317 1308 1302 1286 1280 1273 1276 1298 1273 1267 1269 1270 1278 1285 1287 1292 1249 1240 1247
1213 1163 1108 1069 1040 974 898 890 926 1393 1685 1830 1831 1624 1560 1537 1531 1659 1892 2171 2216 2210 2191 1970 1804 1726 1709 1686 1594 1587 1603 1546 1538 1532 1518 1515 1519 1539 1523 1510 1447 1412 1312 1258 1254 1249 1241 1238 1243 1259 1255 1259 1271 1287 1282 1283 1288 1296 1282 1266 1273 1301 1285 1269 1257 1251 1252 1262 1272 1277 1236 1222 1227 1234 1213 1206 1211 1229 1214 1202 1211 1251 1232 1212 1197 1187 1196
1184 1177 1157 1151 1108 986 866 885 902 1215 1609 1651 1597 1449 1379 1295 1417 1519 1878 2090 2102 2059 1957 1871 1867 1939 2008 2066 2138 1833 1677 1538 1535 1517 1505 1522 1505 1490 1467 1457 1397 1333 1217 1218 1220 1225 1213 1208 1201 1216 1225 1234 1232 1230 1229 1230 1229 1224 1219 1219 1216 1211 1207 1204 1200 1192 1194 1198 1199 1181 1175 1162 1158 1141 1126 1122 1126 1132 1140 1142 1143 1143 1145 1136 1130 1116 1127
1185 1181 1181 1186 1206 1040 931 933 953 1100 1370 1540 1422 1316 1310 1310 1325 1400 1745 1900 1917 1808 1718 1787 2105 2276 2359 2442 2624 2131 1794 1530 1508 1461 1450 1460 1458 1417 1411 1404 1340 1255 1199 1178 1181 1186 1183 1175 1169 1173 1196 1212 1194 1176 1174 1172 1167 1151 1161 1169 1156 1122 1130 1136 1144 1142 1140 1130 1114 1087 1109 1109 1084 1056 1066 1066 1062 1047 1065 1084 1077 1038 1056 1064 1068 1068 1067
1240 1271 1188 1157 1211 1091 1057 1018 1018 1124 1220 1331 1326 1324 1317 1321 1381 1484 1651 1717 1735 1708 1807 2035 2534 2698 2623 2730 2543 2201 1912 1516 1432 1407 1390 1404 1402 1387 1364 1335 1289 1229 1181 1131 1144 1145 1149 1135 1147 1158 1167 1184 1168 1154 1134 1108 1121 1122 1117 1113 1104 1095 1088 1081 1107 1110 1102 1071 1063 1057 1052 1045 1038 1036 1024 1004 1019 1022 1019 1016 1013 1006 1005 1002 1031 1034 1027
1518 1406 1246 1124 1131 1153 1214 1139 1090 1136 1290 1329 1328 1320 1311 1321 1403 1509 1601 1645 1676 1715 1730 2015 2670 3026 2874 2791 2670 2124 1747 1448 1394 1340 1304 1340 1365 1363 1355 1339 1293 1231 1137 1092 1092 1108 1103 1102 1126 1119 1120 1122 1128 1144 1099 1069 1086 1109 1062 1045 1042 1042 1052 1032 1057 1083 1050 1021 1030 1013 1001 993 1001 1020 983 960 977 1006 979 964 965 963 972 953 976 1007 975
1622 1520 1299 1174 1165 1190 1251 1217 1178 1259 1352 1332 1317 1315 1322 1337 1402 1507 1565 1630 1698 1635 1528 1822 2422 2970 3023 2909 2924 2205 1560 1430 1375 1296 1280 1331 1358 1378 1363 1352 1308 1213 1068 1068 1066 1064 1068 1073 1079 1073 1070 1066 1060 1054 1046 1045 1031 1006 993 972 976 978 982 979 980 977 975 969 966 955 947 937 935 930 925 921 920 917 915 907 910 906 906 900 900 900 900
1523 1449 1328 1240 1212 1197 1220 1248 1253 1327 1366 1316 1285 1298 1337 1408 1476 1548 1620 1684 1774 1717 1653 2192 2756 3118 3221 3089 2815 2256 1818 1417 1375 1345 1337 1363 1391 1400 1380 1352 1294 1182 1095 1041 1040 1038 1033 1046 1028 1022 1022 1011 998 967 996 1019 977 910 912 910 910 913 911 935 907 873 903 925 902 900 893 886 872 840 869 885 863 827 853 861 857 852 840 853 828 795 822
1418 1357 1313 1297 1232 1188 1170 1169 1273 1325 1376 1307 1247 1275 1371 1511 1565 1611 1661 1714 1760 1685 1887 2539 3439 3412 3246 3140 2664 2308 2003 1429 1410 1416 1420 1436 1436 1425 1406 1373 1269 1178 1098 1024 1025 1025 1024 1024 1006 986 982 952 951 946 953 977 933 898 873 837 856 865 874 885 853 846 848 875 867 857 846 834 830 824 827 841 822 814 812 809 809 810 805 804 773 767 770
1409 1378 1321 1273 1211 1168 1148 1156 1243 1339 1376 1260 1218 1204 1406 1568 1630 1636 1639 1646 1594 1474 1915 2647 2948 2975 2881 2786 2810 2247 1901 1475 1473 1481 1507 1513 1499 1462 1453 1440 1337 1208 1064 1035 1013 1011 1009 1020 1014 998 1007 1004 955 913 893 885 882 870 848 829 834 850 842 833 821 813 815 825 837 838 807 792 797 798 785 778 780 789 776 766 769 791 769 754 740 732 738
1361 1360 1285 1216 1165 1117 1135 1150 1180 1251 1244 1183 1153 1152 1408 1601 1621 1642 1634 1568 1529 1399 1858 2598 3017 1648 2474 2417 2605 2112 1820 1503 1515 1547 1570 1587 1567 1542 1502 1488 1415 1295 1094 1071 1037 993 1011 1026 1036 1047 1045 1044 1006 909 836 804 835 832 819 821 816 806 791 783 776 763 774 777 781 768 759 753 749 736 726 722 726 726 727 727 724 718 711 705 697 684 694
1310 1296 1235 1171 1140 1134 1137 1145 1131 1111 1103 1077 1076 1210 1394 1518 1589 1688 1737 1546 1471 1546 1680 2658 3116 2752 2279 2150 2228 1980 1796 1524 1556 1580 1583 1588 1583 1593 1570 1544 1489 1395 1238 1114 1087 1048 1030 1037 1062 1098 1091 1092 1098 1006 885 867 859 846 831 817 797 765 750 738 737 737 733 731 722 701 717 718 699 682 685 687 681 673 682 689 679 650 658 656 659 658 654
1229 1200 1178 1159 1145 1146 1143 1152 1115 1090 1071 1025 1045 1197 1365 1471 1544 1736 1945 1643 1397 1589 1926 2450 3105 2807 2337 2316 2085 1942 1774 1568 1576 1580 1587 1588 1589 1592 1593 1598 1451 1398 1267 1188 1099 1066 1055 1059 1082 1108 1127 1142 1143 1076 1015 932 893 866 841 809 778 752 728 702 717 715 711 694 687 685 682 676 672 667 660 647 654 656 647 646 644 632 625 622 636 636 632
1195 1187 1106 1066 1099 1153 1079 1033 1044 993 969 917 972 1094 1257 1392 1511 1679 1801 1715 1495 1857 2373 2883 3038 2802 2461 2124 2027 1798 1638 1475 1485 1576 1542 1576 1801 1809 1548 1512 1443 1402 1323 1155 1082 1063 1058 1037 1056 1123 1157 1205 1225 1161 1074 955 900 867 799 763 742 721 705 675 689 702 680 667 671 658 651 646 649 660 634 616 628 644 623 614 609 603 605 589 604 622 599
1091 1036 1010 979 973 956 940 929 902 873 814 816 851 945 1138 1295 1424 1522 1618 1601 1648 2041 2627 2953 2994 2689 2120 2003 1806 1653 1512 1325 1321 1262 1194 1320 2161 2723 1920 1743 1491 1571 1452 1266 1134 1063 1016 1005 1000 1074 1158 1182 1220 1154 1017 931 859 795 753 711 696 678 664 646 646 642 640 635 630 624 617 610 609 601 595 591 591 581 581 576 574 567 563 556 556 554 553
984 955 901 898 847 769 795 834 769 662 665 703 698 760 1035 1194 1310 1456 1533 1629 1905 2450 2825 2871 2861 2413 1889 1845 1650 1508 1378 1228 1126 1007 956 1001 2163 3488 3293 2125 2012 1845 1650 1347 1182 1078 992 971 971 990 1072 1122 1107 1043 980 892 813 727 693 668 651 637 616 623 604 584 597 608 592 591 585 581 568 544 559 568 550 527 539 543 538 532 520 530 510 491 507
928 885 849 806 827 803 774 715 689 648 623 603 634 680 850 1048 1144 1273 1486 1760 2228 2591 2816 2756 2509 2070 1807 1652 1488 1372 1268 1085 1064 1021 982 1008 3598 4166 3393 2435 2180 1901 1690 1294 1119 1030 968 932 952 975 996 1006 982 924 866 835 760 714 672 614 612 606 600 595 578 571 571 581 575 568 561 550 544 534 531 537 524 518 513 511 511 507 499 497 479 473 475
963 892 834 842 866 834 779 724 695 632 588 544 538 643 736 877 965 1088 1293 1605 2343 2660 2836 2649 2293 1862 1681 1602 1524 1374 1281 1154 1131 1113 1101 903 1165 2906 3323 2886 2273 1918 1469 1141 1035 951 896 884 917 952 938 922 878 817 741 704 694 673 636 603 599 600 584 570 558 552 553 560 561 559 543 531 523 517 503 497 499 503 497 492 492 499 484 469 456 452 454
1005 917 797 825 845 871 726 697 690 625 519 489 540 655 769 836 869 954 1259 1850 2400 2757 2748 2507 2124 1548 1562 1583 1602 1410 1304 1208 1224 1259 1329 1293 1217 1413 2021 2007 1891 1506 1096 1034 951 820 834 849 861 861 859 846 805 700 619 594 619 609 589 590 586 576 561 551 538 526 535 540 544 530 523 514 504 485 467 462 467 470 472 472 471 464 452 446 438 423 433
1018 940 828 800 785 725 654 662 674 637 489 437 498 604 736 809 855 931 1325 1862 2470 2714 2662 2391 1981 1745 1620 1569 1534 1443 1348 1253 1289 1319 1315 1307 1297 1303 1383 1631 1458 1209 1066 962 906 848 823 816 801 771 794 789 712 644 621 606 604 594 585 580 570 554 547 537 532 525 522 523 516 502 505 500 483 467 461 457 457 454 456 459 449 433 431 423 421 418 418
1019 942 859 762 739 706 675 706 697 597 513 429 463 550 660 754 849 978 1360 1859 2297 2492 2517 2375 2056 1849 1708 1577 1502 1449 1388 1321 1318 1316 1313 1311 1313 1315 1315 1315 1227 1143 1066 976 912 868 829 801 777 757 737 706 681 657 638 629 614 601 584 569 560 547 540 532 527 522 519 512 504 500 492 481 471 467 459 456 456 452 444 440 437 425 418 415 417 415 410
1033 937 847 768 741 712 706 725 738 596 518 471 482 554 663 762 868 1032 1394 1880 2131 2253 2312 2285 2130 1946 1672 1483 1460 1386 1335 1283 1286 1312 1277 1259 1275 1311 1253 1213 1151 1083 1017 928 910 885 824 787 774 743 721 697 686 666 641 626 616 598 580 570 558 547 540 530 528 522 513 509 505 493 484 478 473 467 459 453 453 447 440 435 433 423 417 410 412 413 405
1032 927 854 778 778 767 748 747 704 616 439 450 480 565 694 762 860 1017 1417 1793 1982 2028 1980 1984 1873 1684 1516 1408 1360 1314 1275 1222 1216 1207 1199 1197 1184 1166 1153 1138 1072 1014 954 886 868 831 794 774 755 730 709 685 670 650 627 614 605 589 576 566 555 546 538 530 525 517 511 506 500 489 482 474 470 461 454 451 449 441 436 429 427 417 413 406 403 401 400
994 918 839 788 792 796 780 771 682 591 458 405 446 511 603 677 749 799 1265 1859 1927 1899 1743 1763 1601 1388 1352 1333 1274 1246 1210 1174 1148 1103 1125 1135 1096 1023 1048 1048 995 941 862 843 815 772 767 760 741 720 695 677 660 630 616 604 597 583 571 565 554 543 533 528 522 511 507 505 497 486 479 470 465 455 452 449 445 438 431 428 423 414 406 404 398 392 393
962 909 858 798 801 802 798 791 675 575 485 375 387 397 508 552 601 653 1113 1806 1759 1779 1716 1552 1420 1347 1287 1241 1211 1185 1160 1127 1110 1097 1085 1081 1055 1024 997 963 922 878 842 799 783 770 758 750 731 712 687 667 645 629 612 599 595 583 576 563 554 539 533 524 516 509 506 503 495 487 478 467 458 454 447 446 442 437 432 424 420 408 402 398 394 391 388
953 910 844 807 810 810 805 800 718 595 504 407 400 493 579 626 644 665 1032 1305 1533 1672 1604 1430 1367 1296 1246 1227 1208 1180 1142 1111 1097 1084 1064 1056 1045 1022 989 947 913 879 826 790 777 765 758 751 736 709 691 674 648 626 607 597 596 587 578 573 560 546 532 520 515 508 506 505 501 487 483 476 463 450 444 440 440 436 434 432 422 414 403 395 391 387 389
939 895 817 818 820 821 813 805 802 667 542 510 536 652 744 931 789 715 960 1205 1371 1482 1412 1363 1303 1212 1209 1207 1207 1152 1124 1096 1087 1058 1035 1035 1035 1003 957 941 907 869 796 790 775 759 757 754 752 714 693 674 663 629 602 602 602 599 582 582 569 560 535 527 517 503 509 512 514 499 488 478 472 454 440 438 440 442 437 437 432 426 410 402 393 382 388
921 883 846 827 827 821 815 809 787 741 664 603 749 836 917 929 890 874 891 1150 1158 1179 1288 1314 1274 1230 1200 1188 1164 1125 1109 1085 1061 1037 1024 1019 1006 979 954 927 896 861 822 794 780 768 757 752 741 717 698 680 662 644 626 617 617 609 597 583 577 572 551 538 526 520 520 521 520 512 499 486 479 470 460 458 458 457 453 444 441 438 424 413 402 399 400
902 880 859 835 827 821 814 806 777 752 726 694 777 828 886 921 938 959 984 1021 1120 1177 1244 1331 1278 1240 1205 1170 1145 1122 1095 1069 1047 1033 1017 1000 986 967 941 911 883 857 832 808 788 773 760 750 736 721 704 687 670 656 644 638 626 615 605 593 583 570 564 554 540 532 530 531 522 516 506 495 488 482 479 480 471 465 458 452 449 441 430 428 415 409 408
